927
473
11
743
979
684
384
660
292
322
483
236
975
103
586
679
955
293
311
893
423
296
261
610
222
458
94
460
975
913
860
348
431
726
183
995
75
480
391
672
440
936
603
543
142
461
817
59
885
139
694
607
846
208
472
890
13
119
538
649
942
297
264
914
446
168
92
358
970
349
368
269
734
421
965
569
591
32
995
60
937
667
514
891
401
222
977
184
986
639
581
194
226
504
188
640
674
183
241
582
905
997
859
86
379
810
506
74
929
343
890
497
320
443
795
777
558
186
495
756
2
314
222
750
820
56
727
430
61
291
336
443
280
111
991
553
896
430
826
611
460
905
924
363
553
405
457
248
951
860
332
280
7
272
966
998
643
456
634
597
166
540
351
438
957
59
550
278
886
744
564
988
952
448
106
753
700
247
763
617
139
756
982
65
488
778
53
874
471
888
709
325
93
579
999
391
962
962
438
814
493
282
98
572
798
915
564
476
138
571
643
683
610
834
990
602
477
622
227
873
616
288
640
205
723
190
728
613
14
386
144
817
403
635
2
684
86
930
313
676
786
40
63
39
781
734
324
713
551
733
968
979
479
272
2
238
247
918
257
976
993
580
44
582
850
994
893
739
134
101
491
672
108
150
192
69
531
616
768
702
901
567
259
969
691
672
493
831
706
443
508
74
476
544
401
582
145
385
123
642
352
252
816
193
649
229
238
876
133
785
761
210
192
717
285
411
45
536
391
33
146
510
903
824
198
191
65
928
145
967
12
89
915
423
665
606
264
973
608
124
553
295
96
285
702
837
270
592
259
128
865
996
161
229
371
405
359
719
2
141
17
660
151
495
855
566
230
920
585
838
984
503
921
420
686
918
257
417
638
897
520
160
203
583
959
242
344
479
784
706
69
845
473
752
101
140
205
154
895
550
556
720
780
722
61
878
792
670
457
311
621
893
633
560
812
530
986
92
453
270
296
246
706
375
537
131
926
257
620
337
323
553
666
507
149
752
491
839
569
348
212
441
883
13
640
705
686
983
308
850
372
795
575
117
8
171
10
750
658
102
453
252
140
392
18
223
211
582
893
453
520
561
284
22
823
641
204
721
239
955
460
958
203
790
302
77
425
82
307
159
137
26
750
716
248
940
420
492
894
767
107
322
36
628
440
942
650
488
989
418
936
873
131
687
627
550
548
568
755
132
853
743
867
798
721
527
976
173
833
235
789
577
435
261
862
510
993
81
4
987
516
50
433
103
480
141
988
396
545
781
687
448
382
487
623
50
502
935
236
778
456
202
530
612
111
534
862
39
870
990
261
665
536
859
202
349
515
488
670
903
990
588
493
335
176
669
454
901
691
403
595
780
570
282
251
193
758
389
252
222
7
751
604
234
193
299
834
492
557
32
25
672
506
309
637
737
595
939
608
727
514
610
207
146
765
660
289
200
233
522
136
708
652
43
651
504
864
508
810
820
700
141
908
95
645
784
94
4
309
775
837
465
426
686
342
485
411
351
483
768
783
845
737
784
366
147
288
769
315
605
731
492
355
479
912
819
351
229
801
131
1000
491
165
539
276
742
161
276
723
738
947
826
584
950
632
379
252
405
372
117
477
694
778
76
7
846
365
516
569
916
511
748
196
229
47
932
375
570
408
176
158
503
759
558
44
949
517
596
727
762
263
125
507
791
26
318
154
874
867
651
98
261
94
896
199
735
748
885
427
946
483
249
555
461
969
938
428
866
208
180
518
762
825
697
191
896
434
831
139
491
217
944
971
896
78
22
163
584
964
125
832
94
369
894
994
723
431
665
231
709
641
514
129
14
657
224
312
225
777
874
850
762
489
906
378
438
809
215
479
416
199
477
687
222
939
760
404
3
433
297
341
935
103
392
912
188
96
354
743
442
24
109
952
813
489
770
441
717
517
202
156
239
621
717
15
218
417
294
720
76
769
579
879
982
540
475
996
861
214
65
122
195
423
376
956
606
762
631
208
246
323
120
209
357
973
716
233
186
915
889
726
854
501
582
588
203
710
373
52
138
587
818
484
812
646
852
382
931
356
2
421
522
931
744
734
210
665
298
220
214
897
112
518
777
663
634
676
471
798
798
600
722
527
336
250
838
717
425
367
414
287
27
986
256
165
27
139
302
143
80
16
839
179
636
433
654
21
89
512
569
267
637
937
148
617
897
846
567
779
622
54
46
842
33
503
71
505
25
609
433
592
6
125
811
1000
540
190
891
848
89
159
800
311
419
133
554
875
805
87
208
865
308
131
882
278
445
730
881
14
969
175
75
932
739
444
564
881
545
750
193
151
266
841
846
400
80
879
675
355
85
717
954
56
826
135
812
355
638
125
509
110
732
109
693
586
200
564
280
534
315
919
632
212
45
247
442
431
427
636
543
82
625
409
443
389
857
144
323
337
317
71
994
631
361
300
653
179
637
5
825
255
849
51
345
509
873
456
700
116
444
646
789
352
728
298
533
187
24
249
199
456
441
881
826
466
9
411
389
376
784
984
813
459
860
274
834
27
224
244
251
55
756
996
647
660
563
144
63
961
824
919
128
448
227
794
244
158
235
418
395
575
172
340
774
452
627
562
901
486
359
83
177
504
627
551
412
544
785
939
784
38
161
100
326
784
450
210
936
141
544
610
305
144
351
913
219
120
679
437
712
646
264
838
469
534
960
22
749
970
307
300
970
635
578
351
377
441
143
761
502
661
776
50
277
957
362
935
876
8
343
427
733
931
251
836
176
339
604
361
384
715
600
843
804
320
28
777
929
131
826
472
62
855
714
882
841
388
804
567
688
708
428
442
331
340
120
566
952
765
510
368
878
755
625
806
454
317
102
488
230
302
114
526
185
515
14
795
124
551
302
432
281
772
78
868
633
538
230
443
742
244
39
388
391
569
134
127
536
433
569
214
129
906
576
340
885
713
742
556
318
524
735
11
30
799
380
472
905
229
429
347
170
330
959
844
148
375
670
437
650
830
532
227
1000
630
107
720
627
249
599
941
678
660
8
551
223
278
295
31
474
621
590
782
309
462
445
400
739
123
498
761
76
554
808
37
124
667
92
172
627
434
700
575
598
46
48
924
669
817
190
864
268
586
145
717
213
663
9
105
53
806
209
585
846
310
85
310
846
409
706
592
782
773
331
856
533
508
344
466
86
912
842
371
279
107
13
815
155
846
413
478
115
848
652
327
904
82
458
950
341
288
150
643
202
586
116
267
3
372
336
138
411
875
130
264
867
297
139
132
88
811
982
423
476
945
162
563
947
813
895
171
80
472
111
308
217
617
624
61
897
703
559
131
332
442
647
32
456
308
26
421
947
174
991
621
591
760
172
796
349
497
310
271
209
328
607
342
602
658
295
576
165
533
38
565
450
164
88
242
303
332
899
129
883
974
581
759
446
999
66
994
471
12
948
322
631
34
139
118
884
924
744
923
128
166
52
953
347
250
558
7
262
457
309
328
498
69
539
141
624
564
555
285
122
127
772
474
617
964
5
478
737
984
228
62
402
641
442
270
593
260
337
981
254
346
529
859
839
201
591
616
309
96
71
190
324
194
612
425
41
231
757
422
352
991
642
730
204
736
535
420
898
106
808
902
336
97
159
648
705
3
337
806
748
275
375
228
319
221
940
646
70
450
970
644
833
518
291
206
348
729
988
468
264
587
532
50
90
844
518
394
810
923
250
418
559
748
947
311
794
799
869
226
472
743
781
234
572
960
582
850
716
637
177
173
834
625
708
479
702
924
486
878
617
600
746
697
189
365
362
511
652
641
455
260
383
964
46
511
569
364
172
799
786
212
501
455
271
258
945
95
722
945
969
886
270
724
344
205
615
780
381
365
247
348
857
156
3
706
412
956
112
129
748
268
872
709
689
931
153
111
490
346
768
250
356
361
897
869
509
45
483
850
92
569
450
869
643
634
596
297
87
439
169
240
480
553
884
354
420
912
39
696
464
454
518
153
370
408
75
268
345
401
970
703
606
513
509
279
559
727
795
569
1000
834
924
873
405
423
800
641
703
870
473
413
699
493
790
4
449
593
594
201
58
466
84
434
59
519
192
1
682
242
294
90
871
869
777
484
205
261
427
35
801
669
911
245
130
542
927
124
825
878
463
371
803
279
970
877
308
298
947
114
575
835
390
699
211
271
345
720
968
531
941
504
235
942
793
65
102
298
409
801
523
687
370
68
602
425
66
902
73
563
206
283
364
171
212
669
789
392
922
815
189
169
582
288
316
176
543
865
830
928
12
594
823
834
524
466
656
30
645
46
25
648
849
292
657
761
718
544
165
280
557
351
5
728
654
290
381
556
497
453
243
984
648
33
28
369
275
94
804
536
348
421
629
819
205
45
631
893
470
908
618
448
979
569
424
303
365
760
558
960
744
597
836
794
757
684
235
964
497
600
758
927
878
339
141
804
352
334
174
400
90
241
524
31
898
525
397
535
683
72
926
199
818
345
586
695
147
548
259
753
972
520
408
497
770
79
71
490
51
302
45
961
572
598
980
861
708
466
748
143
944
715
430
238
704
168
804
174
226
665
13
802
238
741
512
624
162
963
958
693
511
446
877
32
435
237
642
3
552
922
943
855
84
304
733
511
371
355
979
424
931
43
128
335
510
505
542
459
21
277
360
925
690
151
13
382
103
916
653
608
253
843
619
479
104
801
524
73
465
386
239
19
868
425
797
270
220
170
771
699
379
46
862
859
462
150
366
322
527
132
718
596
853
534
58
904
370
828
282
980
156
789
887
777
406
60
932
457
783
753
719
119
636
565
839
94
217
302
327
708
797
652
28
511
607
419
412
793
780
282
744
144
987
211
564
362
282
701
540
671
65
86
473
39
23
100
388
694
493
350
393
12
64
678
568
594
987
274
777
354
596
331
206
478
789
494
621
748
62
66
349
617
609
656
65
323
839
881
468
347
577
389
468
179
312
448
345
780
681
530
352
876
452
575
451
518
308
988
283
921
916
379
881
926
479
305
169
684
745
950
456
974
972
636
327
768
590
939
160
630
57
437
281
958
274
654
519
262
39
238
413
713
75
602
677
926
651
223
862
73
934
777
591
655
632
891
691
348
80
95
533
471
467
897
45
208
824
943
780
640
622
140
52
730
602
965
540
105
86
491
331
59
270
107
834
628
724
378
151
101
31
900
543
719
479
167
836
315
229
19
87
971
753
942
112
894
931
133
828
880
190
309
702
216
377
187
937
599
96
904
708
222
755
770
63
558
110
623
949
813
681
267
323
808
736
243
144
972
557
578
389
594
356
229
511
203
480
699
675
431
116
399
233
444
933
160
220
261
590
992
857
481
435
500
158
862
931
68
645
205
40
972
96
55
656
922
631
217
705
897
848
916
64
909
543
353
307
495
631
867
368
660
671
940
653
577
520
237
74
25
446
448
844
259
381
232
147
181
646
772
406
702
282
543
437
603
326
540
223
704
471
272
341
825
144
824
254
321
362
269
189
306
860
333
193
814
163
484
331
919
11
691
373
74
286
191
713
769
909
213
855
680
941
837
619
344
436
612
294
291
660
455
212
527
998
340
679
591
155
403
698
165
591
574
160
477
271
973
589
814
28
821
445
362
265
617
300
425
114
97
894
784
181
986
528
888
453
190
494
972
324
742
646
306
353
101
453
806
363
159
673
732
829
890
367
885
922
828
390
163
850
77
4
136
950
446
807
476
688
218
894
614
431
180
97
381
746
265
238
766
714
416
94
401
93
31
295
888
184
615
419
472
29
434
945
883
14
116
331
964
40
769
735
140
491
325
882
477
553
834
866
494
269
637
890
358
247
857
500
748
581
281
58
686
139
360
333
296
446
739
434
680
789
497
706
448
81
482
816
107
967
886
521
932
996
879
855
955
888
66
550
345
430
362
267
726
843
590
153
921
341
683
830
304
318
909
557
400
729
346
701
135
588
583
451
456
350
127
459
432
723
433
685
63
310
18
150
400
910
172
683
268
820
781
517
99
956
746
178
597
58
845
248
313
423
92
272
716
884
293
160
380
398
743
905
485
587
874
794
100
819
466
341
122
795
24
409
523
134
370
983
911
949
299
921
441
353
198
896
862
101
447
93
280
433
91
578
236
885
249
273
873
387
609
837
467
665
636
633
310
693
147
758
950
769
957
96
278
201
692
603
248
66
663
146
965
990
421
904
141
85
88
339
352
606
816
485
558
622
698
533
389
416
528
885
521
679
530
669
633
128
446
505
496
98
100
886
152
170
917
147
294
163
798
958
826
643
847
196
157
652
753
436
272
424
734
814
242
398
123
216
970
237
108
546
734
542
151
99
380
416
380
707
295
278
483
83
165
539
6
945
454
456
273
352
823
781
607
824
159
367
535
530
337
273
639
734
60
302
135
784
376
109
385
513
178
686
639
346
129
205
446
310
218
69
426
504
25
654
227
27
361
585
494
849
670
851
846
446
73
1
300
157
683
276
284
627
781
597
459
363
64
730
326
698
649
545
541
100
287
924
984
903
904
309
656
398
24
532
777
888
108
824
822
651
966
579
814
410
914
80
830
431
968
377
119
581
450
892
873
29
65
806
888
227
580
51
374
82
577
748
97
334
238
442
270
376
777
90
414
591
351
394
32
364
427
747
144
567
63
751
607
161
703
925
418
913
684
650
159
323
87
570
477
654
807
856
211
429
20
754
908
960
908
121
578
356
679
151
193
792
966
178
621
49
433
616
671
633
17
667
451
923
739
479
901
554
358
553
838
122
951
691
897
143
835
333
371
653
316
6
210
528
72
324
725
997
839
16
517
729
579
221
387
200
532
130
434
104
709
278
805
984
249
660
292
131
187
431
475
649
516
136
612
111
565
829
887
758
856
740
142
74
178
153
262
692
124
516
915
906
642
335
930
453
411
598
781
979
219
535
187
951
109
540
662
710
365
895
537
762
309
509
274
140
286
166
836
614
985
573
264
927
982
515
189
490
286
8
133
809
692
556
962
918
281
555
937
323
896
208
733
963
142
219
720
1000
182
381
494
397
245
643
178
735
985
938
788
504
911
643
195
108
334
431
184
824
102
996
19
551
781
480
531
455
651
637
296
788
348
782
850
459
150
945
431
194
947
445
329
582
609
590
55
964
913
119
630
692
461
16
110
827
453
448
841
88
251
940
202
9
302
72
915
127
68
101
114
304
364
436
108
795
123
114
417
993
164
837
75
226
669
942
418
413
776
175
577
157
480
479
343
696
997
516
926
17
953
608
320
593
771
31
579
433
316
351
762
715
561
129
687
346
392
975
229
407
886
911
275
941
992
943
774
15
657
97
981
121
643
673
763
725
905
444
896
999
869
844
113
178
310
490
794
956
644
259
609
503
423
997
701
402
564
731
791
736
9
896
407
719
868
73
394
196
6
614
138
677
886
314
343
798
892
976
189
408
794
809
470
231
994
499
481
483
92
348
2
154
750
944
461
235
170
295
781
30
818
499
82
635
55
584
563
824
754
436
591
502
866
513
730
182
944
809
6
40
56
474
864
701
849
834
557
846
517
468
501
923
589
387
127
489
183
423
733
334
82
438
112
254
4
973
159
84
889
38
757
985
359
196
73
104
472
949
809
942
695
824
977
100
766
287
673
839
968
702
125
473
331
877
97
897
168
354
300
193
181
859
748
838
722
707
171
461
828
394
489
596
143
306
874
615
303
231
512
965
688
238
556
290
924
906
281
645
741
307
242
364
372
968
318
639
985
374
16
699
92
601
796
97
652
194
238
894
190
42
365
899
280
951
617
591
22
164
97
628
924
582
920
591
53
548
800
644
412
974
239
810
410
489
162
715
367
713
127
191
852
337
879
353
264
936
748
554
289
620
903
956
341
571
46
626
322
343
692
22
83
922
785
386
196
771
875
940
88
959
141
596
984
220
399
487
47
161
166
185
660
498
989
727
664
843
876
123
705
355
185
459
430
507
908
619
371
182
456
170
199
435
958
491
20
817
195
446
391
308
166
94
273
509
803
483
525
606
515
267
3
605
863
556
308
960
178
766
823
947
815
559
971
822
572
166
126
51
701
588
174
622
52
952
998
926
255
682
67
939
306
610
287
144
7
666
158
386
707
681
944
617
331
706
262
136
982
436
975
632
813
491
165
298
744
799
980
812
187
67
627
866
210
72
831
809
592
51
772
297
382
285
861
465
305
194
582
104
573
253
975
993
817
641
716
165
939
202
867
184
830
293
126
285
961
566
409
931
522
497
830
76
707
867
439
91
435
289
796
558
200
865
38
357
699
48
67
466
109
867
739
153
881
2
369
730
609
442
303
396
862
931
899
52
194
777
46
582
880
702
888
739
567
352
44
277
139
398
345
543
572
329
483
88
195
513
519
913
978
814
527
348
371
568
365
656
436
969
18
51
729
665
425
831
690
930
376
256
207
365
727
220
194
956
957
844
92
666
855
651
738
928
601
188
969
770
34
497
568
689
499
401
229
322
169
817
362
111
923
591
441
532
582
891
382
412
215
838
516
677
8
471
107
330
479
876
41
648
763
590
502
859
297
793
324
33
158
698
686
239
309
369
304
3
859
121
856
266
890
742
644
50
35
6
76
931
455
859
361
994
368
56
767
622
491
410
654
374
857
41
847
258
126
703
653
562
865
424
881
612
278
251
811
970
272
528
486
706
723
378
404
584
177
959
897
561
434
461
484
905
850
823
803
944
238
193
575
209
327
112
32
683
482
854
514
835
247
252
952
233
281
464
335
642
709
234
511
22
910
946
309
635
536
196
828
674
244
766
550
392
252
513
198
240
272
62
943
726
71
731
634
919
98
638
716
376
605
226
998
484
511
120
786
250
509
183
506
886
482
838
754
775
841
754
577
177
758
108
756
244
210
228
541
4
109
212
338
674
553
686
832
723
261
263
497
424
639
984
964
390
790
83
292
774
878
907
147
455
181
319
465
131
550
880
687
328
292
521
617
408
433
239
796
883
455
680
724
811
991
673
642
520
209
731
427
717
35
685
964
867
357
744
580
420
796
695
403
27
821
157
434
898
941
916
683
172
894
467
907
980
213
495
292
750
354
38
888
149
568
208
858
572
837
222
239
520
4
624
630
373
145
273
596
913
429
926
131
398
347
207
412
20
305
573
442
614
739
749
561
828
388
3
511
257
607
387
810
126
422
723
18
702
680
741
72
971
832
348
95
201
851
277
73
930
691
665
469
18
682
399
32
267
224
935
610
748
225
124
819
845
345
761
366
183
114
992
524
274
975
903
300
822
649
845
345
925
842
475
525
161
472
85
509
355
997
347
924
700
148
579
188
503
958
306
946
814
102
251
314
468
802
487
20
795
484
334
917
207
887
812
72
843
901
855
966
34
904
688
532
65
176
456
301
907
333
941
647
964
806
230
426
723
609
635
374
25
139
424
868
191
74
659
120
696
729
852
5
394
340
813
58
931
773
714
236
313
126
51
132
530
352
896
74
581
811
756
258
249
831
588
742
973
3
874
988
952
988
173
386
738
512
219
439
914
442
570
235
193
113
964
377
310
909
313
404
876
946
433
881
33
280
90
476
865
625
486
309
907
445
9
867
121
283
42
385
302
889
32
465
699
493
415
903
402
77
498
951
351
668
891
994
779
478
913
468
163
318
938
257
225
69
505
66
513
102
129
691
375
856
131
255
735
748
244
541
964
263
259
716
502
986
761
429
486
152
138
281
611
272
3
323
634
636
901
830
401
305
129
458
317
520
691
163
653
548
4
435
294
541
963
858
736
564
316
27
985
232
796
168
401
800
172
304
694
890
388
400
417
348
401
336
608
633
257
375
253
614
583
274
751
557
699
233
447
650
468
242
174
916
248
779
709
102
571
778
797
775
486
479
177
270
714
516
328
610
933
539
319
858
44
825
527
392
114
626
10
611
536
541
548
677
342
225
160
730
432
400
704
42
972
931
817
537
939
270
158
141
614
998
84
7
860
864
414
398
881
979
481
936
249
465
203
419
717
546
360
123
932
138
469
644
878
548
81
659
125
647
72
416
685
952
226
911
142
247
500
663
160
934
365
1
974
336
67
85
37
711
62
306
887
505
518
270
27
51
1
573
960
774
952
596
554
369
642
72
643
911
777
242
670
59
452
998
952
321
132
357
223
847
307
960
984
20
105
645
36
623
289
567
771
555
436
113
188
842
981
43
522
799
997
232
387
849
143
775
134
597
990
113
987
546
813
346
856
355
784
700
240
73
874
280
830
975
302
599
43
890
33
336
580
936
816
162
312
728
358
68
41
187
833
506
64
793
518
851
238
655
241
634
304
671
898
242
978
329
621
725
832
265
112
974
25
657
186
365
237
48
234
428
904
891
917
728
679
35
37
514
43
143
230
78
612
619
722
563
535
921
368
132
363
344
441
943
472
74
891
380
209
858
585
296
828
821
331
867
384
112
505
190
822
123
334
241
643
45
387
12
925
672
281
428
395
197
995
41
410
147
84
246
533
365
213
1000
93
634
529
818
218
329
204
392
768
675
737
995
61
3
683
477
210
508
463
29
249
595
432
189
966
845
979
970
840
473
364
452
314
65
264
215
245
149
933
216
249
424
455
788
396
479
84
894
401
440
618
15
500
231
159
963
981
215
857
601
715
479
272
219
52
394
657
656
90
500
172
414
736
842
336
963
125
617
277
158
840
249
746
506
285
195
728
987
630
617
903
387
70
678
80
687
42
678
658
246
329
934
617
554
878
407
292
442
291
23
701
982
583
569
751
125
691
38
211
308
498
188
59
848
72
222
451
894
357
588
285
360
401
700
180
627
730
681
371
343
187
235
942
199
792
807
297
697
135
9
128
96
345
911
407
472
914
727
963
233
244
36
152
808
931
277
453
442
989
535
149
523
672
948
567
759
800
684
184
318
825
979
447
333
802
778
322
18
811
738
943
984
360
783
709
436
638
2
548
463
990
385
106
110
552
787
664
734
49
694
276
52
920
52
352
660
910
94
315
679
236
495
399
11
1
132
771
62
963
441
257
506
710
192
482
200
499
71
929
318
459
951
270
234
677
492
244
604
348
778
196
223
988
396
555
297
102
163
682
4
906
325
53
739
300
459
422
392
371
48
114
821
750
575
460
170
71
724
201
743
740
454
140
850
52
3
619
251
776
804
154
86
722
539
926
985
553
307
596
23
117
126
115
908
353
764
744
666
639
403
592
75
280
130
851
32
275
339
479
561
238
528
731
102
691
437
781
654
133
862
582
165
411
410
812
363
108
728
312
267
172
809
394
722
870
359
937
441
226
356
7
107
649
582
557
579
119
298
507
272
879
30
946
162
253
699
70
626
192
523
726
789
487
687
637
618
54
700
302
788
265
167
524
585
272
295
608
84
99
794
438
488
40
98
698
558
595
185
663
185
493
283
608
480
424
172
499
123
481
562
682
522
7
811
796
347
84
74
156
618
986
830
664
605
967
827
837
937
484
757
888
951
770
618
952
859
846
400
906
183
511
896
949
59
629
793
344
328
628
799
609
453
385
701
416
209
725
592
34
314
688
998
954
190
424
520
277
487
409
596
468
628
839
198
504
319
26
239
369
353
161
502
207
364
699
631
445
842
945
777
723
746
536
653
51
748
262
987
774
589
491
751
776
876
874
44
113
957
423
279
517
366
811
456
719
97
118
540
417
866
740
383
703
793
612
160
821
665
501
333
629
658
561
481
870
229
127
787
609
903
763
665
958
895
345
12
583
898
90
45
515
759
326
649
142
679
755
353
886
263
228
717
697
465
814
330
238
880
519
90
425
283
87
843
235
891
476
834
769
520
320
153
67
121
558
895
736
971
134
63
552
285
708
772
594
977
232
307
888
604
377
697
823
730
619
191
179
356
483
595
75
683
72
569
921
442
469
753
549
903
868
211
106
826
77
513
72
665
55
347
972
67
902
129
669
147
678
12
304
480
127
582
439
611
329
924
837
560
730
168
245
977
406
484
283
335
414
732
947
274
852
11
626
283
238
217
890
408
73
75
801
504
271
859
323
32
172
546
327
669
654
91
784
434
451
194
805
684
136
997
635
748
143
858
202
389
632
337
781
352
403
771
382
324
188
35
329
873
400
691
583
615
960
859
726
786
732
350
71
257
370
957
617
535
775
840
500
409
508
713
168
858
525
188
439
956
558
797
352
103
838
240
781
63
9
278
1000
744
233
887
697
933
581
339
507
587
316
837
72
951
931
42
10
775
318
878
812
535
932
377
656
426
102
840
546
332
801
6
828
294
729
669
283
338
176
879
682
591
432
426
614
511
605
172
99
455
687
554
325
14
38
551
800
746
599
996
948
864
279
11
35
618
789
256
877
54
204
394
423
740
968
110
343
704
410
189
291
449
95
319
250
769
478
640
714
775
457
442
44
913
723
35
278
709
468
369
975
250
353
11
304
194
407
553
153
499
328
263
810
119
959
278
843
528
793
579
925
656
134
308
107
928
358
904
579
991
615
423
290
678
950
634
503
385
875
116
158
752
522
105
408
23
791
390
272
139
634
777
258
806
803
418
855
173
280
986
724
160
101
994
516
513
499
248
258
945
900
854
452
903
558
740
741
458
590
615
226
34
55
25
135
145
971
522
690
32
760
959
936
647
287
587
798
517
609
380
715
777
427
215
277
48
644
734
761
992
381
769
303
68
520
587
581
793
395
70
298
8
175
281
430
390
628
169
961
568
600
870
9
523
496
344
928
866
630
969
20
929
443
437
857
914
134
111
452
142
558
901
745
263
845
488
560
523
533
101
347
435
127
871
180
93
866
80
844
695
1
637
135
773
385
290
150
132
177
254
900
320
802
552
614
771
961
194
741
991
738
437
214
470
23
542
332
832
394
423
683
685
656
473
856
603
534
1000
968
170
264
983
750
726
191
22
169
397
891
257
757
938
698
931
800
913
528
659
400
123
119
302
852
644
664
525
696
396
11
632
5
59
492
578
816
193
815
935
658
893
108
148
688
243
430
726
27
355
521
6
922
552
410
107
671
734
204
385
840
936
728
945
943
721
524
864
820
593
15
380
777
58
28
348
214
292
973
663
334
45
522
216
729
509
659
857
444
2
394
958
230
743
316
859
909
658
737
744
8
766
233
139
670
654
170
183
383
971
392
45
73
48
460
696
558
819
513
29
691
79
690
458
948
536
503
758
15
31
378
130
534
55
861
855
465
487
999
992
771
905
239
32
579
82
903
399
903
810
412
33
148
486
261
648
137
77
507
419
52
120
568
551
77
542
83
933
506
254
82
956
90
686
625
553
870
451
826
355
165
82
285
972
463
95
147
597
541
92
29
313
566
789
139
774
685
809
873
175
49
539
700
37
349
945
686
390
481
117
614
911
40
435
620
574
573
434
27
155
967
46
104
609
12
789
258
183
469
409
466
540
870
509
701
274
922
748
815
794
324
622
755
416
57
940
160
568
556
78
990
785
825
443
18
866
830
225
37
170
911
166
348
684
426
990
876
483
18
965
428
938
367
399
680
72
110
406
442
537
245
797
763
424
354
451
83
876
445
857
462
208
18
871
336
960
387
620
425
793
910
901
964
928
723
464
693
622
161
377
489
834
153
173
251
159
394
277
868
55
191
261
154
544
470
822
733
647
643
928
422
411
468
132
656
27
718
257
43
122
1000
901
118
897
542
679
462
550
849
403
733
284
925
901
684
43
939
817
99
649
296
98
112
553
398
506
991
731
433
34
546
405
21
762
937
400
590
907
347
237
991
971
61
370
647
361
954
40
1
857
788
639
132
898
850
52
3
534
482
393
629
706
497
381
678
711
809
711
991
801
962
941
621
934
493
281
878
112
580
255
297
982
710
144
917
680
929
979
418
538
433
596
512
3
297
509
797
774
623
820
587
192
308
157
441
443
228
682
48
211
515
648
297
200
961
924
405
219
520
254
845
572
635
852
43
75
753
554
265
709
290
185
201
497
257
694
684
692
955
164
111
834
423
260
306
254
270
364
27
644
197
109
83
893
440
834
863
658
314
598
570
781
979
189
177
556
320
670
719
303
617
247
161
277
303
210
997
162
549
847
663
435
712
17
532
797
690
909
59
610
835
264
264
221
417
913
466
489
418
751
208
709
255
380
48
491
868
626
568
906
37
381
945
192
387
833
656
779
782
605
238
906
581
953
499
535
589
60
78
144
647
913
184
6
861
938
835
246
397
485
589
207
462
902
185
402
787
190
519
377
375
379
154
409
688
680
259
657
734
334
164
880
205
442
744
98
986
993
33
196
419
538
994
288
346
579
911
371
50
727
17
93
146
150
310
568
467
469
128
333
885
63
860
483
471
404
815
625
206
778
836
350
29
849
17
647
998
203
635
593
24
468
878
400
34
998
658
719
103
656
754
41
866
40
287
855
691
943
924
426
586
452
955
372
500
795
953
442
453
31
549
381
893
445
662
42
765
164
598
550
955
658
385
693
220
216
243
485
826
513
433
615
518
871
782
742
744
295
1
410
69
478
61
167
783
235
762
266
859
350
514
636
24
666
870
779
588
472
977
517
635
348
533
38
114
51
157
595
616
581
891
719
462
656
795
271
465
261
704
522
94
423
6
907
949
952
583
449
793
150
257
678
359
759
784
815
812
473
904
420
540
430
718
577
505
605
360
364
345
723
545
528
731
172
354
641
243
797
573
665
524
988
764
354
109
835
506
500
7
240
295
825
422
696
642
392
94
758
42
471
472
366
174
741
132
319
822
775
897
328
649
817
420
650
392
975
638
511
691
684
185
457
586
538
731
14
423
75
684
778
115
41
69
13
613
121
609
47
354
597
705
985
985
105
450
262
23
166
337
499
859
694
323
850
946
639
422
325
653
812
220
257
761
568
1
32
184
828
34
396
414
746
168
985
359
163
70
346
215
135
543
55
898
59
420
78
61
96
549
655
524
753
437
412
454
204
235
104
574
829
70
943
379
984
200
855
610
894
527
886
514
209
696
516
760
115
500
26
532
228
808
35
524
19
328
690
808
455
452
684
766
294
101
583
839
957
49
667
409
705
557
256
910
838
643
761
997
398
613
976
712
244
304
345
278
769
908
699
193
479
971
76
346
357
840
212
372
666
906
574
30
205
225
66
613
820
641
214
994
947
597
135
631
936
549
242
936
133
754
743
656
485
449
361
497
963
487
119
1000
463
604
39
344
274
83
779
46
76
585
612
965
540
780
639
539
984
462
693
323
973
162
519
997
105
254
930
235
255
265
55
197
356
383
534
751
296
474
628
849
182
780
538
959
687
51
321
899
187
836
746
256
658
755
955
928
555
393
487
176
347
191
700
417
936
354
611
323
622
231
932
342
298
169
49
625
173
553
939
390
699
870
226
685
292
877
369
145
707
514
512
464
925
304
359
798
916
805
135
892
109
514
779
597
167
105
815
442
750
687
416
910
326
173
500
396
715
434
11
560
248
139
334
147
575
669
335
227
897
897
49
426
582
970
114
366
495
44
286
721
905
413
133
34
925
992
784
4
39
583
592
69
291
961
288
337
687
69
556
272
597
734
770
189
903
503
343
385
496
921
221
376
632
178
868
90
544
216
303
724
575
511
448
712
996
855
559
442
621
153
183
485
552
755
865
814
136
347
804
70
579
8
461
614
425
991
92
318
47
141
360
70
908
192
916
49
715
27
873
775
707
521
766
330
724
345
374
995
851
451
529
821
735
755
621
10
749
347
974
246
185
470
571
921
358
858
955
320
616
861
736
174
80
332
788
559
423
760
721
29
118
329
941
255
78
479
861
742
340
535
841
778
63
547
329
989
981
534
222
518
986
918
500
616
307
3
190
68
314
430
803
45
747
981
160
434
606
679
422
281
366
867
949
570
673
358
872
586
569
964
67
777
771
630
523
606
229
973
310
505
181
430
131
1
512
735
770
639
673
489
854
467
570
678
482
494
359
524
451
320
185
987
236
754
729
300
247
550
654
707
179
198
464
702
993
459
230
638
212
367
981
685
720
204
129
560
321
102
353
384
391
167
94
932
705
786
45
945
192
618
662
228
525
459
883
367
990
41
684
530
925
793
354
452
425
996
491
667
273
467
471
72
334
935
832
150
840
424
951
684
116
113
300
513
469
49
885
184
33
973
628
44
741
612
274
614
691
948
304
868
306
803
416
436
927
264
671
250
939
203
102
278
165
938
121
633
826
710
200
322
346
310
84
532
189
666
804
402
245
458
24
366
85
80
13
733
202
858
387
399
226
341
507
430
723
295
414
381
876
100
442
820
161
708
813
209
723
314
127
688
431
63
307
846
201
712
438
323
432
558
723
254
155
269
759
949
484
983
969
109
524
393
651
895
327
886
311
708
962
595
780
754
66
60
776
23
174
333
755
741
200
730
161
799
40
403
640
51
994
634
314
656
137
447
381
402
700
398
578
524
215
999
723
518
117
183
632
167
453
21
379
164
170
880
451
969
424
838
214
127
572
712
947
655
11
797
911
838
214
395
349
874
724
997
963
540
256
162
971
38
413
842
848
175
551
574
82
260
12
656
739
442
83
49
402
529
603
266
568
875
119
397
98
533
424
277
166
325
76
859
929
421
126
539
816
999
862
214
278
962
435
384
517
667
469
541
184
959
64
592
801
288
670
684
799
998
412
975
346
944
104
204
146
124
825
840
292
499
399
30
998
848
253
767
278
347
453
148
766
881
242
190
946
30
739
441
165
93
943
675
408
951
252
491
229
514
669
688
172
716
539
856
940
489
954
763
100
969
832
966
889
22
609
764
459
692
207
914
876
129
505
946
608
999
209
546
291
448
514
709
472
562
969
123
70
475
491
781
416
662
184
620
804
902
638
162
147
43
33
416
419
979
978
570
322
386
974
864
180
37
376
278
559
588
153
791
325
422
439
445
777
657
700
100
957
530
656
984
708
954
722
860
948
234
171
780
278
352
91
933
248
722
736
451
922
290
636
492
377
435
838
364
625
363
44
999
838
706
760
278
652
242
88
524
653
815
355
488
91
240
184
145
47
663
697
501
401
270
737
850
169
714
889
824
982
132
497
206
365
485
133
540
684
58
493
985
463
897
426
127
498
803
654
188
936
347
364
914
492
533
624
393
615
410
23
562
529
883
346
743
267
484
959
482
324
36
609
420
42
913
513
807
587
969
212
118
477
214
463
395
43
266
241
713
129
236
528
835
530
481
495
164
471
806
814
569
211
373
418
68
789
319
903
90
798
769
883
287
732
801
652
864
486
523
77
2
96
927
925
41
137
429
857
156
179
116
971
407
643
215
450
304
610
362
44
287
995
179
234
183
502
364
819
922
676
1000
467
748
940
476
125
102
853
640
887
470
789
30
861
357
962
114
544
34
143
314
849
621
89
49
913
590
323
718
242
919
518
570
987
807
285
666
272
849
304
666
657
460
974
27
380
228
937
493
317
65
765
705
157
70
418
864
344
125
2
168
363
889
876
977
830
636
490
538
367
98
1000
698
711
773
910
307
49
42
456
185
232
197
124
852
200
521
900
522
264
538
548
346
854
78
126
140
963
217
956
924
177
880
806
336
210
425
973
96
387
41
223
662
297
670
68
334
674
150
344
95
488
879
242
835
777
952
835
852
667
207
52
679
558
445
938
589
857
800
579
175
538
912
365
803
297
484
948
517
436
509
141
759
840
26
866
315
894
190
157
80
764
255
343
380
366
720
731
337
901
42
343
283
111
326
595
896
94
239
158
257
805
438
573
865
225
461
636
419
125
687
898
897
624
680
976
466
850
849
179
635
901
431
154
18
873
869
746
102
99
671
984
971
726
153
806
405
858
726
346
107
852
21
915
86
230
561
758
330
953
728
856
412
193
847
636
932
520
412
536
989
797
276
59
99
374
926
361
780
499
271
450
362
853
519
488
768
39
884
536
155
548
934
691
771
961
698
381
138
444
203
269
300
454
686
447
336
317
405
342
262
221
535
214
889
599
189
17
239
122
160
127
686
434
257
36
689
934
529
21
4
198
10
907
652
877
365
715
402
587
758
277
298
406
94
332
951
259
255
717
970
327
269
851
618
571
170
290
318
383
946
387
689
29
281
224
532
722
610
937
43
609
65
509
977
449
123
541
605
391
925
229
769
815
922
764
744
151
433
511
681
356
158
817
841
882
216
421
909
422
779
151
792
270
927
40
26
355
864
544
394
790
87
9
158
289
433
194
576
991
183
873
978
286
206
149
438
324
159
282
551
952
834
670
676
618
622
452
350
910
620
551
424
869
613
937
758
533
641
900
417
370
306
673
282
76
192
960
173
387
743
711
937
368
101
774
277
398
112
986
957
209
599
736
516
510
824
709
372
875
58
916
364
960
908
791
73
478
590
793
537
567
742
732
188
39
438
246
435
745
107
234
798
125
2
316
56
752
254
909
902
420
957
312
536
666
307
763
239
557
935
466
576
217
917
488
63
340
836
376
15
27
537
604
929
144
699
939
220
99
656
240
732
119
744
57
6
783
505
477
306
384
594
297
290
688
781
245
963
263
582
650
905
5
9
463
351
229
859
293
671
448
463
527
47
701
124
694
477
303
717
404
677
647
73
39
776
956
988
385
463
41
566
597
248
366
346
460
168
721
714
33
98
390
625
714
279
204
937
969
606
147
911
209
462
43
867
20
850
462
180
876
244
520
811
481
517
262
126
435
427
974
401
321
980
445
240
329
659
750
552
896
73
393
966
604
877
579
912
232
119
805
747
112
161
791
333
766
903
6
68
44
281
651
814
51
822
62
155
787
900
467
471
692
117
820
748
189
779
343
904
707
984
49
995
532
247
323
52
188
623
68
412
63
57
496
219
856
384
616
433
162
817
561
264
77
235
897
568
452
200
967
675
212
332
883
211
767
870
62
952
754
453
387
310
923
492
262
246
640
449
179
588
572
635
554
561
811
178
490
490
232
43
860
585
484
612
994
362
266
109
335
617
905
656
56
434
642
426
548
825
738
362
216
811
562
217
510
132
85
491
926
722
490
389
277
898
531
991
158
170
365
149
711
927
121
56
101
368
586
642
498
714
296
186
421
814
260
604
35
40
365
509
462
993
770
725
251
406
97
734
687
802
984
581
836
666
82
966
241
912
780
797
32
275
424
546
117
989
682
708
819
948
81
289
744
709
40
876
356
270
126
825
214
874
234
638
904
379
507
490
588
83
600
722
151
467
203
321
853
176
427
616
93
586
706
214
654
495
620
610
786
248
369
39
906
218
509
495
955
512
86
987
255
647
541
354
935
314
985
184
343
967
752
520
634
585
912
925
696
191
645
870
205
398
547
177
788
882
855
433
35
43
473
378
441
517
453
804
470
440
858
62
690
98
265
790
529
569
874
550
372
854
445
937
891
374
349
62
579
130
977
371
738
314
133
70
115
358
302
361
158
533
645
676
230
593
926
199
178
66
506
544
276
218
162
34
670
666
964
7
463
443
859
174
272
271
426
496
867
512
713
416
478
649
907
466
228
388
351
166
525
436
990
852
768
541
829
489
374
896
91
419
248
211
444
578
83
152
56
880
987
845
126
2
454
908
477
967
571
404
972
977
827
567
943
209
830
221
829
344
217
682
929
427
207
115
958
958
469
799
158
469
691
363
868
863
655
262
385
204
148
471
644
864
883
484
789
608
912
644
204
741
889
78
877
182
771
980
583
99
502
419
605
768
121
828
389
310
960
264
935
992
469
478
40
700
574
809
152
833
854
945
40
464
693
134
376
630
604
380
784
424
332
515
541
72
351
679
255
136
562
64
169
868
512
922
952
461
554
463
159
690
958
939
850
242
710
801
66
968
995
341
681
534
657
193
614
702
148
108
387
700
427
111
629
695
181
586
364
298
793
967
444
478
458
356
266
139
99
559
859
958
159
565
282
901
716
388
904
465
209
986
593
75
373
222
292
362
770
397
3
540
571
439
605
819
977
979
504
930
28
560
635
848
776
46
178
404
62
868
67
730
621
171
265
972
760
275
478
245
577
573
95
386
478
65
283
58
372
736
900
263
514
180
545
909
687
151
83
563
558
769
654
120
936
430
450
440
954
752
403
511
753
241
606
677
884
859
782
98
122
539
677
660
115
235
942
206
659
536
595
307
380
523
794
52
402
51
550
7
941
963
91
121
915
976
233
660
237
207
213
868
707
980
180
814
937
301
986
59
924
232
667
972
712
163
815
966
892
3
83
304
713
822
533
522
606
108
720
992
527
323
425
783
463
939
337
832
164
323
501
579
570
793
370
997
355
319
549
21
509
468
154
371
108
304
690
954
66
876
699
969
60
721
699
820
959
905
732
456
219
611
119
134
454
986
130
535
652
688
796
242
750
847
290
890
744
217
795
915
696
808
921
758
451
512
657
979
154
420
533
302
678
238
671
117
287
259
25
73
187
566
395
836
341
988
605
714
548
504
813
227
54
808
723
239
93
944
51
979
472
173
795
163
589
413
494
712
246
44
720
812
929
314
387
340
868
724
561
574
993
871
987
666
167
533
633
398
689
793
979
636
498
605
696
239
81
942
428
358
202
454
999
56
621
426
84
313
915
333
48
836
862
157
220
337
216
853
227
856
791
435
968
255
511
66
994
601
129
163
281
520
419
583
534
748
783
928
766
804
688
777
1000
812
19
266
991
832
851
89
969
648
959
846
49
164
184
198
874
730
181
314
901
685
857
512
581
777
552
442
217
653
861
534
9
151
336
239
213
766
343
777
443
980
66
66
759
946
651
15
104
513
838
933
800
902
405
234
51
902
303
730
956
491
34
766
789
445
534
106
70
316
428
902
352
932
527
503
370
514
978
55
35
711
403
387
65
171
414
723
442
755
260
79
241
206
965
79
403
925
340
340
250
913
539
198
521
225
375
862
121
732
156
301
444
27
796
411
217
819
92
172
368
914
192
377
598
943
880
67
802
231
331
173
408
478
731
547
126
523
112
213
294
791
338
184
460
270
249
271
48
431
648
222
870
593
410
344
292
638
626
769
755
109
393
438
938
490
60
347
231
57
92
229
367
139
371
354
561
656
3
902
318
382
913
496
499
880
538
67
18
18
284
441
222
244
656
101
734
222
439
448
483
540
747
343
93
249
31
906
115
576
913
232
826
768
719
65
537
40
512
932
50
300
325
555
978
199
96
892
197
898
779
377
188
555
747
657
192
617
23
456
308
527
76
93
806
783
987
451
542
209
45
691
858
260
453
31
921
476
535
441
463
605
616
645
1000
791
614
573
888
994
745
228
514
948
667
381
528
337
404
389
731
698
464
158
651
161
997
5
833
147
503
910
403
383
950
750
928
415
412
322
909
925
759
270
695
152
710
824
465
134
282
831
208
459
570
982
909
291
979
597
851
765
679
594
627
602
942
867
636
164
515
735
950
745
553
6
393
858
701
983
129
903
629
713
893
86
545
411
312
500
121
839
231
218
984
852
245
579
448
620
836
486
845
478
980
279
542
845
809
427
521
16
1000
164
382
882
361
809
816
293
812
889
71
283
117
337
417
110
106
733
250
617
199
932
633
46
167
375
838
945
30
858
289
148
525
156
404
941
542
36
652
773
864
820
868
626
469
595
290
927
794
966
294
450
678
462
424
767
951
440
713
611
194
328
973
740
425
679
256
935
250
816
871
361
893
445
784
82
902
567
692
391
164
206
451
623
649
982
305
569
508
602
904
900
859
653
854
910
156
327
657
361
118
836
832
403
59
172
483
549
921
542
558
726
274
174
825
624
72
961
140
212
517
86
538
82
938
520
451
684
446
177
255
699
202
657
439
305
26
200
94
905
78
912
832
220
218
846
145
158
563
586
177
288
395
68
207
879
695
794
668
380
687
104
162
109
909
551
445
845
962
521
136
944
117
476
538
993
525
453
834
143
554
679
369
453
759
515
128
457
50
978
418
920
846
2
115
272
233
893
376
861
770
80
825
976
366
210
13
765
763
556
245
180
132
168
51
267
798
956
516
970
738
985
924
55
325
23
313
242
820
700
539
795
324
917
306
763
736
963
136
553
236
434
656
622
506
926
336
282
371
407
443
17
153
366
954
136
562
112
652
597
671
931
619
150
534
327
417
976
333
455
331
43
984
928
813
499
700
465
878
955
373
675
750
413
37
546
893
581
198
469
421
127
906
651
778
30
745
95
161
806
539
885
335
148
14
365
84
61
930
936
415
804
899
824
132
424
487
661
828
405
145
853
603
538
765
100
23
907
340
332
231
895
699
254
963
221
607
634
299
771
459
900
227
951
854
175
981
297
23
182
231
688
282
745
878
52
607
389
907
13
673
871
717
562
204
42
807
372
547
110
220
76
977
556
368
810
574
144
385
960
444
526
118
646
531
184
319
807
378
806
293
484
366
871
938
111
568
832
4
83
818
731
766
570
986
745
744
703
131
98
361
93
512
212
514
791
474
235
460
922
676
280
357
752
244
213
607
62
725
848
769
432
676
686
322
900
647
714
35
708
172
198
852
824
265
937
58
699
504
217
1000
733
222
379
283
617
635
569
131
383
660
259
630
797
344
425
663
90
472
888
999
275
475
627
963
193
936
804
631
851
981
475
328
24
319
78
872
943
139
402
614
27
13
105
892
921
855
188
261
684
93
27
174
987
390
130
492
528
805
790
495
253
1000
913
766
795
161
994
931
427
324
201
784
624
544
297
170
148
137
7
284
138
261
602
